1524	2
1942	1
1940	2
1941	1
819	3
2078	2
919	2
2177	1
1799	1
1522	0
1792	3
715	2
1797	2
712	3
711	2
710	1
2178	0
1069	1
1703	2
1708	2
1529	2
2184	2
298	0
297	2
1665	2
1662	2
591	1
590	2
199	3
1082	3
1080	0
1120	1
194	1
196	2
193	1
273	2
274	2
276	0
278	0
526	3
1408	1
1018	0
521	2
1404	1
1237	2
1230	2
1338	0
443	2
1337	2
1336	0
1331	2
1239	2
101	1
902	3
901	3
904	0
31	0
37	3
35	0
1240	0
1534	2
1245	1
644	0
1530	2
2164	3
2159	0
335	3
333	0
1909	3
1905	3
1902	3
857	2
850	0
859	2
1375	0
748	2
1464	0
95	1
94	2
96	3
1622	3
1992	1
1994	3
1629	2
742	2
743	2
745	0
746	1
555	1
552	3
238	2
239	0
237	0
232	0
1051	1
1053	1
1058	0
1059	2
1193	3
2220	2
2221	3
1	3
1693	2
1755	3
1791	2
1751	1
1699	1
1278	3
618	2
619	1
142	0
1172	3
1198	3
613	1
1272	3
1273	1
1275	3
1276	0
1888	1
1887	1
1883	0
2121	0
1287	3
2089	2
1281	2
1280	0
2127	2
2082	2
2128	0
2080	2
943	0
1472	3
1473	3
1579	2
689	3
2227	2
684	3
687	2
686	3
1576	2
683	2
1306	2
1307	1
1300	0
133	3
132	1
137	0
499	1
494	1
138	3
492	3
26	2
29	2
1370	0
403	3
2151	0
2153	0
933	1
932	0
2016	1
937	2
936	3
409	3
934	3
1955	2
1954	1
1957	3
1958	1
379	0
825	2
375	2
377	3
1177	0
709	2
704	3
2113	2
706	1
707	2
393	3
394	2
83	2
80	0
81	2
1669	2
85	0
1713	2
2068	3
794	1
791	0
1812	3
1718	1
1513	2
1653	1
1650	2
1138	2
583	2
1987	0
1131	3
1130	0
1137	2
1984	0
1384	0
1985	0
1666	3
249	2
1437	3
1438	2
1439	3
518	2
1005	2
517	3
1000	1
1348	2
622	2
1224	1
625	2
1129	2
1341	0
1342	2
628	3
1345	1
1346	1
1876	2
1877	2
1872	2
176	1
175	1
173	0
1879	2
976	0
2053	2
2057	1
1645	2
1503	3
654	1
1505	2
2110	3
189	1
2116	2
1731	2
2088	1
1919	0
1918	0
1912	2
1917	2
13	0
1509	0
16	2
860	1
2026	0
2022	2
2028	3
2014	0
885	2
1616	3
1965	2
1966	1
1612	2
1613	0
1611	1
320	0
321	0
200	3
777	1
771	1
772	2
77	0
76	0
74	2
1478	3
79	3
1042	2
1479	2
1049	2
1681	2
1683	0
1682	1
359	2
1687	2
1689	2
1688	1
1767	2
1765	2
1144	0
1263	1
665	0
1260	2
663	3
2091	3
2013	3
692	3
697	2
1540	3
1548	3
1549	1
547	2
545	2
1465	2
520	0
1460	1
995	0
2168	3
1784	1
2211	1
120	2
121	0
122	0
124	1
127	0
1825	3
1824	2
1820	0
928	1
416	0
2144	2
410	2
411	2
18	0
920	2
2062	2
2063	0
418	3
2065	1
926	2
927	2
313	3
311	2
2076	2
1925	3
833	2
835	0
3	1
362	3
380	2
389	1
784	0
1647	0
787	0
780	3
1640	1
1729	2
1726	2
1725	0
1648	2
578	1
573	2
577	0
2190	1
66	3
67	1
2198	2
1208	2
1421	2
1588	1
2204	2
1427	2
2207	1
1586	2
733	2
737	0
736	1
1033	1
1037	1
1035	3
631	0
469	0
1217	2
1214	0
1215	2
465	2
467	0
463	0
1354	1
1861	0
2015	3
2045	2
168	3
1867	2
1675	1
165	2
163	0
1571	2
963	3
2011	1
2010	1
2109	2
1105	1
1450	0
1103	2
1100	3
1516	0
1108	2
1109	0
878	3
875	0
2032	3
1893	3
2039	0
1244	1
890	1
893	2
1087	1
638	3
2130	1
1979	2
1976	1
1975	3
1602	0
1972	3
1970	1
809	2
808	0
353	1
350	1
805	3
1788	2
214	3
212	0
213	2
211	1
1781	3
766	2
1963	2
1774	3
1074	3
1778	3
1071	0
4	3
280	2
286	0
1159	2
1091	2
674	2
1154	0
1157	2
1156	1
261	0
266	0
59	0
1556	3
1559	1
54	0
57	0
51	1
53	3
1419	0
535	2
534	2
1558	1
1411	3
1413	1
1416	2
1322	1
1768	2
989	0
2197	3
986	3
987	2
984	2
985	0
114	2
2176	1
118	0
1855	0
429	3
1527	1
1252	3
1253	0
1399	1
2175	1
1396	3
917	0
1394	1
1392	3
1258	2
1390	3
2174	2
1931	1
1937	2
844	2
840	0
848	0
823	3
2050	1
1631	2
1632	0
1633	2
1982	0
1983	1
1980	1
1638	3
2108	3
1989	1
757	0
756	3
560	0
566	1
1595	1
2181	3
1596	2
2186	2
738	0
227	2
226	1
223	2
222	0
1483	2
1027	2
1188	0
2218	1
724	2
725	3
1746	0
1740	1
1743	0
1165	0
607	3
1209	0
1161	2
603	3
602	0
1205	0
158	3
1484	2
1201	2
1898	0
634	0
1890	1
635	0
2183	3
2002	3
48	2
46	1
43	3
957	1
1353	2
1298	2
1299	0
5	3
1441	2
1292	2
1561	2
1290	3
1296	3
1565	3
1567	2
1762	3
489	2
1763	1
480	2
1806	0
1802	1
1808	0
1366	2
1362	0
1363	1
2009	2
3921	3
3927	2
3925	2
4413	3
4412	2
4021	2
3553	2
4145	2
3253	3
3254	2
3256	2
4142	2
3856	2
3999	1
3851	2
3995	2
3859	1
2859	1
2858	0
2912	1
2856	2
3337	2
3336	1
3334	2
4304	3
3773	3
3772	2
3770	3
3777	3
3776	2
2834	2
4320	1
4323	1
3778	2
4326	3
3140	2
3149	1
3676	1
2822	2
2823	1
2989	2
2988	0
3383	3
2983	1
2981	2
3024	3
2987	3
3022	0
2985	2
3818	3
3581	2
4217	2
3586	3
4191	2
4358	0
4149	1
4353	2
4424	2
3092	3
3262	3
3097	1
3098	3
4141	1
4111	2
3801	2
3802	2
4101	3
3298	2
4107	2
3294	1
3295	3
3452	1
3518	2
3456	2
3457	2
3510	2
3517	3
3516	2
3514	3
2868	2
3898	2
3899	3
3895	2
3998	2
4299	2
3206	1
4078	1
3201	3
3200	2
4074	3
4076	2
4070	3
4072	1
2860	2
3636	1
3632	2
3060	3
2948	3
2947	3
2945	2
3068	2
3340	0
3346	2
4258	1
4313	2
4314	3
4251	3
4319	2
4253	2
4252	2
4469	3
3700	0
3701	3
3707	2
3704	3
3119	2
3118	1
3417	1
3413	3
3411	3
4226	2
4227	3
4220	2
3418	2
3419	2
4389	1
3798	2
3795	2
3794	2
3834	2
3835	2
3836	1
3833	2
3937	3
3839	0
4031	0
3563	3
3564	1
3568	2
4133	0
4135	2
4484	2
4487	1
4481	3
4482	2
3846	1
3849	2
2900	3
2907	2
2906	0
4311	0
3304	2
3302	2
4042	2
4043	0
4048	2
4049	1
4318	1
4161	1
3665	2
3664	2
3666	1
3748	2
3749	2
3745	0
3740	2
3388	2
3150	2
3155	2
2835	3
3158	2
2830	3
3395	1
4261	2
4263	1
4264	3
3596	3
4267	1
3599	3
4182	2
4431	3
4344	2
4439	3
4438	0
4340	1
2880	3
4465	3
2888	3
3693	2
3695	2
3087	0
3083	3
3872	2
3877	2
3527	2
3828	2
3283	3
3528	2
3228	2
4214	1
3446	1
3888	3
3900	2
3903	1
3909	2
4167	2
4166	1
4165	0
4164	2
4162	0
3234	1
4003	2
3975	0
3979	2
3978	1
3675	1
3629	2
2876	1
2878	1
3384	2
3626	3
3351	2
3058	1
4286	2
3359	2
3051	1
4303	3
3711	2
3712	1
4308	2
3718	3
3490	0
4126	1
3021	2
4473	3
3657	0
3650	3
4474	1
4477	0
3129	1
2963	2
2952	1
3407	3
3409	0
4235	3
4234	2
4232	2
4231	3
4407	1
4403	1
2798	2
2790	1
2791	0
4229	2
3822	1
3820	3
3947	3
3272	1
3475	0
3579	0
3471	3
3575	1
4289	1
3571	3
3570	1
3572	2
4490	3
2934	0
2935	2
2932	1
3319	2
3318	2
3310	0
3314	2
3316	2
4057	1
4059	3
3611	0
3615	2
3751	2
3753	0
3755	1
3005	1
2808	0
3001	3
2800	2
2807	1
3360	3
4276	2
4275	2
4442	3
3728	2
3729	0
4446	1
4448	2
4370	3
3723	1
3688	1
3683	2
3681	1
3869	2
3868	2
4084	3
4086	1
3862	1
3867	2
3866	1
3530	2
3533	2
3180	1
3183	2
3916	3
4332	1
3919	2
3930	2
4152	3
3545	3
4156	3
4157	1
4154	0
3224	3
3227	0
4010	1
3548	2
4016	0
3223	2
3988	3
2967	3
2848	0
2849	1
2846	3
2847	1
2845	3
2842	2
2840	1
3324	3
3325	1
3326	2
3327	2
3043	1
3764	1
4338	3
4334	3
3485	2
4330	3
3134	3
3649	2
3132	1
3646	2
3644	3
3642	2
2994	1
2873	3
3246	0
2789	2
2788	0
3812	3
3959	3
3817	2
3951	1
4116	2
3451	3
3264	1
3267	2
3266	2
4118	1
3467	3
3463	2
3462	3
3460	2
3503	1
4291	2
3468	3
2928	0
2920	3
4063	2
4066	0
3211	3
3212	2
3218	0
2975	3
2815	2
3600	0
2811	3
3608	0
3070	3
3072	2
3079	1
3173	3
2957	2
2951	1
3177	3
3176	2
3378	3
3375	0
3374	3
3373	1
3370	3
4391	1
4392	3
4364	1
4367	1
4361	2
4363	2
4246	2
4245	2
4453	3
3738	1
3735	1
3733	2
3730	1
3104	3
4093	2
4091	2
4090	0
4096	1
4098	2
3786	1
3785	2
3422	1
3788	3
3420	3
3195	3
3193	2
3190	1
4445	2
6661	0
6723	1
6720	0
6725	0
5821	0
7303	1
5988	1
5846	1
6354	2
6098	1
7047	1
6154	0
5464	0
7128	1
5466	0
7125	1
6307	1
7120	1
5266	0
6795	1
6350	1
6301	2
6654	2
5306	2
6799	0
5856	1
5919	1
5912	1
6982	1
5225	0
6383	1
6290	1
5417	1
5412	0
7302	0
5000	0
6932	1
5672	1
6936	1
5770	1
5774	2
5776	1
6277	0
5576	1
6074	1
6372	1
6374	2
4954	1
5138	1
6436	1
6435	2
5708	0
5705	0
7263	0
6206	1
6200	1
6209	2
6809	1
6807	1
6615	1
7002	2
7007	2
7006	1
5953	1
5181	1
6609	0
6754	0
5813	1
7175	1
7177	1
6898	1
7179	1
6106	2
5453	0
6102	1
6100	1
5923	0
6974	1
5534	1
4918	1
6151	1
7041	1
7182	1
6475	1
7184	0
5176	2
5078	0
5079	1
7225	0
5745	1
5748	1
5074	1
5586	1
5628	1
6471	1
5588	2
6326	1
4983	0
6244	1
6245	1
6246	2
5380	1
5382	2
5385	0
5386	1
5309	1
5997	1
5996	1
5991	1
5990	0
5998	1
6711	2
7254	1
7317	1
7312	1
5690	2
5697	1
5695	0
5335	1
6854	1
5269	1
6144	1
5496	1
5497	0
5491	2
5492	1
7136	1
6783	0
6782	1
6785	2
6787	2
5310	2
6666	1
5969	0
5964	1
5848	1
6583	1
6581	1
4946	1
5407	0
6638	1
7147	2
6254	1
5038	2
5037	2
5034	1
4948	2
6536	2
5662	1
6530	1
5549	0
4943	1
6285	2
5547	2
6040	0
6046	1
6047	0
6363	0
6360	2
6367	1
7350	0
5109	1
7355	2
7359	1
7332	0
6406	1
5719	2
5715	2
7213	2
6214	1
6745	1
5212	0
5213	2
6742	2
6624	2
6749	1
6748	0
6620	1
7325	1
5195	1
5191	1
5192	1
5804	1
7104	1
7107	0
7109	0
5360	0
6133	0
5440	2
7062	2
5445	0
5936	1
5893	1
5931	1
6961	1
6964	1
6968	2
7366	1
5502	1
6009	0
7431	1
7391	2
7393	1
5142	2
7168	1
5751	1
5750	1
6912	1
6441	0
5759	1
6919	1
5612	2
5598	2
5616	0
6253	1
6252	1
6318	0
6250	1
7212	0
4973	1
5397	0
6708	2
6703	0
7245	0
5091	1
5092	1
7249	1
6080	1
5680	1
5326	1
5327	1
7021	1
5321	1
6177	1
5485	1
5249	1
6779	1
6774	2
6771	1
5872	2
5873	0
5979	0
5871	0
5972	2
5879	1
5974	0
7117	0
5621	2
7096	1
5437	1
7157	1
5439	2
7098	2
6680	2
7298	1
6523	1
6522	1
5658	1
5552	1
6950	1
6951	0
5559	2
6487	1
4932	1
4935	0
6299	0
6297	1
6295	1
6292	1
6359	1
6329	1
6193	0
5116	2
5110	1
5112	0
5296	0
5294	1
5295	1
5291	2
5054	1
6419	1
6415	1
7202	1
6416	0
6226	1
6227	1
6225	1
5201	0
6731	2
6734	1
4992	1
6636	1
5833	2
5831	1
5474	1
6121	1
5471	2
6087	1
6873	0
5478	1
6649	1
7051	2
7056	0
5279	1
5900	1
6999	1
6993	1
5511	1
6010	1
6013	1
6396	2
6394	1
6188	2
5011	1
5012	1
5013	1
5153	2
5154	0
6906	1
5606	1
5766	1
5609	1
6260	2
6261	1
5565	0
6512	1
5560	0
6309	0
6061	1
6063	2
4965	1
4963	0
6303	0
5129	1
5127	2
6421	1
6422	1
7278	1
7279	0
5084	1
6600	0
5333	1
6603	2
6604	1
7016	1
6160	1
6163	1
6162	1
6768	1
5235	1
6760	1
5785	0
5786	1
5868	1
5867	0
5861	1
6886	1
6887	0
6883	0
5639	1
7080	2
5346	1
7086	1
7163	2
6117	1
6904	0
6690	1
6695	1
6146	0
6490	1
6492	1
6499	2
5528	0
6946	1
5647	2
6944	1
4922	1
4921	2
4920	1
6187	1
6185	1
6021	1
6082	1
6027	1
5165	0
5734	1
6669	1
5730	1
5733	1
5043	1
5040	1
6545	2
6542	0
5634	1
5635	0
5636	0
6463	2
5630	1
4997	1
4994	1
5556	1
6239	1
4990	1
6338	2
6233	0
4999	1
8255	0
8254	1
8424	0
9479	1
9072	1
8423	1
8252	0
8624	0
10138	1
8384	1
8152	0
8153	1
8150	1
8151	1
9861	1
8475	1
10354	0
8986	1
8549	1
9987	0
8547	0
10106	1
8787	0
9679	0
8542	0
10364	0
8096	0
9838	1
9862	1
8862	1
8092	1
9832	0
9704	0
10308	0
8869	1
8497	1
8715	0
8717	0
8718	0
8923	0
9458	1
8903	1
9270	1
9378	1
8222	0
8434	1
8639	0
9277	1
8141	0
8438	0
8634	1
10358	1
8621	1
9664	1
10202	0
9662	1
9179	1
9178	2
8530	1
8531	1
9175	1
8429	1
9073	0
9706	1
9981	0
8870	1
8875	0
9900	0
9208	1
10191	1
9074	0
9644	1
9908	1
9950	1
8979	1
9279	1
8704	2
9168	1
8709	2
8975	1
9262	1
9267	0
8235	1
9264	1
10040	0
10041	1
10042	1
8238	0
10044	0
10180	1
9092	1
9093	0
9014	1
10026	0
9149	1
8686	1
8139	1
8443	0
8325	0
9305	2
8136	1
9141	1
8527	1
8526	0
8524	1
9335	1
9921	1
8340	1
10247	1
8935	1
9039	0
10255	0
9088	0
8881	0
10346	1
10170	0
8807	1
9324	1
9548	1
9727	1
9112	1
8758	1
9960	0
9720	2
8209	1
9252	0
9254	1
9439	0
9083	1
8751	0
9522	0
10012	1
8457	1
9006	1
8699	2
9648	1
8694	1
9647	0
10325	1
9313	0
8692	0
8956	1
8286	1
9393	0
8895	0
9358	0
9399	0
8816	1
8815	1
8814	1
8813	1
9795	1
8810	1
9003	0
8727	0
8501	0
9539	1
9341	1
8746	1
9535	0
8214	1
8741	0
9638	1
9033	1
8118	0
8295	0
9316	1
9630	1
8298	1
9320	0
8111	0
10022	0
8346	0
8345	1
9637	1
10290	1
9211	2
8946	0
10119	0
9240	0
10198	0
9855	2
9972	0
9970	1
10117	1
8592	1
8376	0
8101	1
8370	1
9503	1
9139	1
8771	0
8109	2
9103	1
9210	0
9681	0
8577	0
9740	1
8264	1
8474	0
9236	0
9589	0
8578	0
9683	0
10015	0
9233	1
8567	1
8188	1
8588	1
8667	1
9436	0
9010	1
8582	1
9817	0
9657	2
9340	0
9133	1
10115	0
8174	0
10272	0
9347	2
10292	0
8072	0
8074	1
9619	1
8408	1
9756	1
8562	0
9181	0
8276	0
9597	0
8274	0
9223	1
9057	1
9224	0
10154	0
9792	1
10086	1
9721	0
9885	1
9812	0
8670	1
8677	1
8922	0
8920	0
10162	1
9797	1
8678	1
8845	1
8929	1
9952	1
9475	1
9384	0
9603	0
10285	0
9604	1
10077	1
9448	1
9609	1
8776	0
8397	0
9536	1
9441	0
9116	0
8798	0
9218	1
8551	0
9195	0
9767	1
9197	1
9550	1
8242	0
8558	0
8410	0
9596	0
10373	1
9152	1
8085	1
8998	0
9294	0
9808	1
9807	1
8993	1
9659	0
8997	0
8994	0
8995	0
8481	0
8767	1
8761	1
9370	1
8646	0
8647	1
8857	1
8856	1
11069	1
11828	0
11825	0
11824	0
11822	0
11540	0
11982	0
11983	0
11980	0
11986	0
11985	1
11381	0
11268	0
11384	0
11386	0
12094	0
11263	0
13084	1
13086	1
13081	0
11266	0
11265	0
13169	0
13246	0
11851	0
13166	0
11855	0
13164	0
13165	0
11183	0
13098	0
12700	1
12704	0
11142	0
12065	0
11143	0
10967	0
12668	0
12669	0
12664	0
12663	0
10969	0
13017	0
13013	0
13010	0
12781	0
12987	0
12984	0
12983	0
12989	0
11138	0
13113	0
11688	0
13112	1
11684	0
12016	0
11443	1
13059	0
11762	0
11638	0
11760	0
12796	0
12595	0
13151	0
12848	0
12849	0
12842	1
11000	0
12244	3
11006	0
11004	0
12248	0
12522	1
12514	0
13335	0
12085	0
11211	0
11612	0
12122	0
12127	0
12089	0
11942	0
11943	0
13080	0
11345	0
11347	0
11340	0
11229	0
11225	0
11224	0
11221	1
13207	0
13202	0
12440	0
12441	0
12567	0
12236	0
12231	0
12334	0
12335	1
12337	0
12239	0
12331	0
12333	0
13240	0
11535	0
11534	0
11861	0
11860	0
11862	0
13115	0
12810	0
11693	0
12199	0
11690	0
12195	0
11406	0
11400	0
12754	0
12752	0
11409	0
12698	0
12490	0
12492	0
12499	0
12882	0
11046	0
12286	0
12283	0
12288	0
11049	1
11713	0
11712	0
11658	0
11716	0
11715	0
11653	2
12832	0
12831	0
12837	0
11301	0
12839	1
12838	0
12371	0
12372	0
12373	0
12377	0
12404	1
12176	1
12177	0
12210	0
12271	0
12275	1
12277	0
12276	0
11839	0
11277	1
11271	0
11579	0
11572	1
12536	3
12738	0
13154	0
11379	0
12530	0
11374	0
11376	0
13187	0
13093	0
11373	0
12539	0
11902	0
12304	0
11906	0
12300	0
13257	0
13250	0
13252	0
12909	0
12908	0
12903	0
12712	1
11882	0
11881	0
12716	0
11885	0
10970	1
10972	0
12658	0
12652	0
13023	0
11288	0
13026	0
13028	0
11122	1
12993	0
12995	0
12997	0
11756	0
11752	0
11751	0
12002	0
12003	0
11759	0
12775	1
11590	0
10997	0
11599	1
12877	0
12875	0
13286	1
13328	0
13280	0
11155	0
11156	0
11018	0
11016	1
11158	0
11013	0
12139	0
11626	0
11625	0
12136	0
11972	0
11971	0
11977	0
11976	0
11975	0
11332	0
11335	0
11235	0
12579	0
12475	0
12572	0
13192	0
12478	0
13197	0
12577	0
13194	0
12226	0
12222	1
12946	0
12340	0
13129	0
12345	0
11525	0
11526	0
11527	0
12619	0
11523	0
12617	0
12616	0
12615	0
12610	0
13067	0
13066	1
13063	0
11248	0
11247	0
11870	0
13108	0
13262	1
13104	1
11878	0
13107	0
13100	1
13101	1
12954	0
12953	0
11963	0
12041	0
12047	3
12048	0
13173	0
11411	0
11412	1
11798	2
11415	0
11417	0
12763	0
11791	0
11790	0
12766	0
12765	0
12481	0
12486	1
12487	0
12484	0
12485	0
12926	0
13110	0
11052	0
11053	0
11054	0
11055	0
11056	0
11059	0
11661	0
11660	0
11110	0
11112	0
11115	0
11116	0
11465	0
11709	0
11704	1
11702	1
12434	0
12793	0
12820	0
12821	0
12438	0
11025	0
11024	0
11027	0
12389	0
13318	0
11022	0
13317	0
12380	0
13313	1
13193	0
13219	0
12305	1
12149	0
12261	0
13190	0
11802	0
11800	0
11807	0
11805	0
13196	2
11205	1
11209	1
11562	0
11564	0
11567	0
13143	0
13145	0
12505	0
13147	3
12508	0
12779	0
13229	0
11937	0
13222	0
11933	0
13224	0
11930	0
12918	0
12913	1
12914	0
12916	0
13073	1
12644	0
11899	0
12642	0
12728	0
12724	0
11891	0
10985	0
10981	0
10980	0
10983	0
12301	0
13131	0
13034	0
11290	0
13030	0
11094	1
11097	1
11090	0
11099	0
12962	0
11742	0
11743	0
11744	0
11747	0
12033	1
12722	0
11587	0
11585	0
11582	0
11421	0
12861	1
12866	0
12867	0
13357	0
13293	0
13295	0
11146	0
11068	0
12103	1
12102	0
12101	0
11148	0
11731	1
11730	0
11733	0
11732	0
11633	0
11488	0
12546	0
12545	0
12816	0
11513	0
11329	0
12819	0
12818	0
12549	0
12086	0
13134	0
12465	1
12460	0
12463	0
12359	1
12216	0
12214	1
12082	0
12357	0
12354	2
11551	0
11499	0
11553	0
11554	0
11559	0
12602	0
11494	0
11994	0
12607	0
11394	0
13074	0
11391	1
11257	0
11253	0
13277	0
11073	0
11846	0
11845	0
11842	0
13278	1
11840	0
12921	0
12922	1
12925	0
11194	0
11196	1
11198	1
11785	0
11786	0
11787	0
11781	0
12072	0
12070	0
11648	0
12674	0
12676	0
12670	0
12672	0
13006	0
13213	0
13003	0
13002	3
13271	0
13009	0
13008	0
13156	0
11675	1
11102	0
11100	0
11101	0
11104	0
13268	0
11779	0
11472	0
11473	1
11471	0
11771	1
12780	0
11773	0
11775	1
12784	0
11776	0
12420	0
12422	0
12588	1
12538	0
12426	0
12428	0
12582	0
12855	0
11037	0
12254	0
11030	1
13302	0
11039	2
11604	1
11603	0
12155	0
12157	0
12152	0
13259	0
11955	0
11950	0
11212	0
11213	1
11210	0
12038	0
11218	0
12783	0
11359	0
12518	0
11353	0
12516	0
11357	0
11928	0
12325	0
12329	0
11924	0
13234	0
13235	0
12631	0
12558	1
12635	1
12732	0
12733	0
12737	0
11506	0
11507	0
10994	0
11503	0
13126	0
11815	0
11816	0
13125	1
13040	0
12809	0
13044	0
13047	0
13046	1
12418	0
12020	0
12978	0
12188	0
12187	0
12975	0
12183	1
12182	0
12859	0
12749	0
12745	1
12687	0
12710	0
11430	0
12899	0
12891	0
12890	1
12893	1
12892	0
12417	1
12789	0
13348	0
11173	0
12111	0
12112	0
12298	0
11177	0
11176	0
11175	0
12293	0
12119	0
11070	0
11178	0
11076	0
12295	0
11726	0
11727	1
11641	0
11645	1
11644	0
11647	0
12557	0
11317	0
12559	0
11314	0
11312	0
12808	0
11310	0
12366	0
12365	1
12364	0
12411	0
12412	0
12369	0
12164	0
12162	0
12169	0
12201	0
14853	0
14175	0
14176	0
14170	1
14855	0
14854	0
14677	0
14918	0
16075	0
16074	0
14518	0
14519	0
15903	0
15204	0
14987	0
15209	0
15208	0
16073	0
15825	3
16061	0
14350	0
14351	0
15610	0
16062	0
16051	0
16190	0
14218	0
15758	0
14211	0
14214	1
14216	1
14189	0
14188	1
16050	0
14186	0
15854	0
15856	0
15850	0
16179	0
15533	0
15530	0
15920	0
15921	0
15539	0
14325	0
16252	0
14321	0
16254	2
15106	1
14597	0
15104	0
14595	0
14592	0
14328	0
14458	0
14695	0
14697	0
14755	0
14752	0
14753	0
15582	0
15589	0
15406	0
15405	0
14520	0
14527	0
14528	0
15035	3
15816	0
16268	0
14031	0
14030	0
14130	1
14038	0
14134	0
14135	0
16230	0
15327	0
15325	0
15323	0
15242	0
15328	0
15329	0
16243	0
14626	1
16108	0
14965	0
15718	1
16103	0
15716	0
14785	0
14968	0
15861	0
15711	0
14780	0
16217	1
14148	0
15238	0
14147	0
14140	0
14246	0
15669	0
14817	0
14815	0
16039	0
15811	0
16035	0
15813	0
15814	0
15815	0
14819	0
15142	0
15612	0
16214	0
15146	0
15613	0
15339	0
15148	0
16219	2
14369	0
15788	0
14499	0
15783	0
14240	0
14492	2
15663	0
14719	0
16197	0
14365	0
14496	0
15665	1
14366	0
16281	0
15667	0
16192	0
14393	0
15664	0
14399	0
15917	0
15911	0
15910	0
15913	0
14564	0
14560	0
15566	0
15562	0
14764	0
14766	3
14408	0
14405	0
14407	0
14769	0
14768	0
14402	0
14403	0
15967	0
15351	0
15723	0
15422	0
15289	0
15287	0
15280	0
15282	0
15041	0
15040	0
15363	0
15360	0
15366	0
15367	0
15365	0
15898	0
16134	0
14668	0
14103	0
14849	0
14844	2
14108	0
14068	0
14065	0
14062	0
14060	0
14061	0
15216	0
15412	0
14996	2
14997	0
15210	0
15744	0
15747	0
15740	0
15625	0
14640	0
16099	0
14619	0
14618	1
14203	0
14201	0
14206	0
14204	0
16096	1
15705	0
14191	0
14197	0
14927	1
14293	0
14923	0
14922	0
15827	0
15826	2
16146	0
16144	0
16068	0
16069	0
16141	2
16140	0
15524	0
16321	0
15481	0
15486	0
15484	1
16248	0
14333	0
15133	0
16246	0
15130	3
16241	0
14338	0
14339	0
14686	0
14683	0
14681	0
14720	0
14723	0
14725	0
14724	0
14726	1
13973	0
13972	1
13975	0
13977	0
15551	0
15553	0
15414	0
15416	0
15411	0
15009	1
14436	0
14532	0
14022	0
16092	0
16008	0
14899	0
14896	0
15319	0
14893	0
14892	0
15255	0
16257	2
14875	0
14799	0
14653	0
14978	0
14979	0
14974	0
14791	0
14976	0
14793	0
14970	0
14878	0
15870	0
15707	0
14096	0
14094	0
14093	0
14092	0
14091	0
16259	2
14150	3
16316	0
14800	0
16029	0
14808	0
14809	0
16023	0
16024	0
16025	0
16202	0
14487	1
15670	0
14481	0
15177	0
15176	0
15170	0
14378	0
14270	0
15778	0
14372	0
15774	0
14371	0
14377	3
14374	0
14705	0
16229	0
16110	0
16297	0
14250	0
15907	0
15454	0
15455	0
15458	0
15459	0
15909	1
14572	1
14574	0
16273	0
14578	0
15510	0
15512	1
16189	0
15517	0
14774	0
14773	0
15681	0
14259	0
14778	0
16102	0
16224	0
15997	0
15990	0
15992	0
15353	0
15420	0
15298	0
15299	0
15294	0
15295	0
15292	0
15428	0
15359	0
15358	0
15749	0
15194	0
14506	0
14500	0
15193	0
15887	0
14839	0
14838	0
14114	0
14833	3
14836	0
14051	0
13992	1
15220	0
13997	0
15225	0
13998	0
16125	0
15761	0
15638	0
15885	0
15732	0
16128	1
14943	0
15630	0
16124	1
16126	0
16121	0
14948	0
14239	0
15888	0
16088	0
15636	1
14605	0
16149	0
14930	0
14283	0
14280	0
16012	0
15837	0
14936	0
16016	0
16018	0
16154	0
16155	0
14651	0
15949	0
15120	0
15121	0
16336	0
15087	1
15941	1
15082	0
15080	3
14302	0
14306	0
14304	0
14871	0
15647	0
16235	0
16234	0
14654	0
16288	0
16081	0
14736	0
14737	0
14735	0
16054	0
16164	0
13962	0
13961	0
13964	2
15872	0
14795	0
15469	0
15013	0
15543	0
15541	0
15871	0
15397	0
14422	0
14543	0
15571	0
14547	0
14546	0
15494	0
16193	1
16352	0
15499	0
15031	0
14019	1
14017	0
14016	0
14014	0
14010	0
15265	1
15269	0
14104	0
15065	0
15832	0
15063	0
15833	0
14884	0
14845	0
16142	0
14864	3
14641	0
14646	0
15843	0
16043	0
16040	0
15844	0
14082	0
14168	0
14086	0
14089	0
14167	0
14165	0
14138	0
14345	0
15602	1
15605	0
15609	0
15162	0
15163	0
14260	0
15760	0
14263	0
16315	0
16161	0
16160	0
15113	0
16041	0
16168	0
15947	0
16266	0
15508	0
16263	0
16021	0
15115	0
15503	0
15116	0
14580	0
14583	0
15698	0
14740	0
14745	0
16323	0
14462	0
14749	0
14464	0
14465	0
15692	0
15988	0
15596	0
15982	0
15434	0
15435	0
15431	0
15348	1
15695	1
14516	3
15181	0
15027	0
15189	0
16208	0
14044	0
14045	0
14046	0
14047	0
14041	0
15248	0
14821	0
14048	2
16185	0
15334	0
15331	0
13989	0
13986	0
15230	0
15233	3
15059	0
14956	0
14221	0
15893	0
15726	2
16138	0
14227	0
14383	0
15728	0
14386	0
15775	0
14638	0
14630	0
14637	0
14634	3
15770	1
16001	0
15773	0
16004	0
16005	0
15805	0
15804	0
15803	0
15151	0
15156	0
15158	0
15094	0
15095	0
15096	0
15097	0
14706	0
14257	2
14256	0
16187	0
14702	0
15791	0
15659	0
15657	0
16059	0
14310	0
15653	0
14709	0
14708	1
16058	0
13959	0
15383	0
15478	0
15479	0
15577	0
16350	1
15574	0
15473	0
15475	1
14410	0
15719	0
14414	0
16095	0
14551	0
14557	0
14555	0
15973	0
15970	0
15979	0
15978	0
14008	0
14784	0
16107	0
14005	0
15271	0
16105	0
15277	1
15076	0
15371	0
15374	0
15078	0
15079	0
14710	0
16290	0
18496	1
18558	2
18490	0
18885	0
18499	1
18883	0
18954	2
19018	2
19158	1
18424	0
18428	2
18810	2
19150	0
19152	0
18772	0
18770	1
18678	0
19270	1
18775	2
18882	0
17919	0
17918	0
17914	0
18251	2
19305	2
19309	0
18394	0
18172	0
18173	2
18177	0
17556	1
17552	2
17550	2
18079	0
17388	0
18371	0
17382	1
18072	0
18075	0
18074	1
18076	1
17983	0
17867	0
17258	2
17236	0
17317	0
18083	0
17251	0
17252	1
17254	0
17255	0
17256	0
17033	2
17036	2
17039	2
16954	2
16956	0
16957	2
17131	0
16959	0
17133	2
18109	0
17136	1
17870	1
19189	0
19182	0
18451	1
19186	0
19187	0
18455	0
18454	0
17044	0
17046	0
17041	0
17040	0
17042	0
17720	0
17721	2
19110	1
18913	2
19117	0
18858	0
18857	2
19051	0
18853	2
19055	0
18851	2
17345	1
18206	0
19249	0
18204	0
18200	0
18811	1
18688	0
18513	2
17060	1
19025	0
19026	0
19021	1
19020	1
19022	0
19245	0
19244	0
18701	0
19240	0
19243	0
18704	0
17347	1
17613	0
17614	1
17341	0
17944	0
17829	2
18330	1
18335	0
18635	0
18632	0
19238	0
19001	0
18319	2
17502	0
16993	1
18740	0
17461	2
18023	2
17664	0
18143	0
18144	0
18147	2
17265	1
17181	0
17183	0
17184	0
17186	0
17760	2
17761	2
17764	0
17765	1
17769	0
17009	0
17012	0
17165	0
17162	1
17163	0
17160	2
17000	2
17003	0
17005	0
16968	2
17011	0
19232	0
16967	1
17400	0
17403	0
18480	2
18481	2
18482	2
18568	1
18563	2
17715	0
19065	2
17719	1
18800	0
18801	2
17482	2
18966	2
18808	2
17488	0
19184	0
19148	1
18418	0
19146	2
17539	0
18413	2
19143	2
18410	0
18985	0
18987	1
18666	0
18667	0
18660	0
18661	0
18662	0
18663	0
19099	2
16992	1
18244	1
17622	2
18189	2
17626	0
18185	0
17541	2
17542	1
17235	0
17547	0
17874	0
18347	0
17871	2
18345	2
18344	2
18349	0
18061	0
17975	0
17974	2
17970	0
17972	0
17302	1
18746	1
17300	1
18744	2
17305	1
17431	0
18116	1
18117	1
17129	0
18112	0
17288	1
17125	0
17889	0
17888	0
18028	0
17880	1
18918	1
19333	0
17056	0
17057	2
17055	0
17751	1
17222	0
18914	0
19102	0
19100	1
19107	0
17543	0
19105	1
18841	0
18847	0
18910	2
18238	0
19085	0
19089	0
19324	1
18234	1
18930	0
18932	2
19256	0
18938	0
18708	1
18839	1
18529	0
18527	0
19037	1
18379	0
19032	2
18830	1
18521	0
18655	1
18978	0
17379	1
18650	0
18653	0
17372	0
18716	0
19070	1
19258	1
17374	0
17931	1
17932	2
17939	1
17832	0
17834	2
17835	0
17813	0
17209	2
18823	0
18622	0
17811	2
18627	0
18780	2
18787	0
18785	1
17570	2
17575	0
17574	2
17578	0
17477	0
18158	0
18159	1
17679	1
18152	1
17677	2
17673	2
18154	0
17849	0
17844	0
17841	2
17840	2
19347	0
17275	0
17278	2
19269	0
17795	2
17796	2
17791	2
17405	2
17406	1
17017	1
17014	1
17166	2
19104	2
16972	1
16970	0
17081	1
17084	0
17087	0
17086	2
17089	0
17088	0
18478	2
18475	2
18477	0
18472	0
17704	0
17705	2
17702	1
17701	0
17496	0
19227	0
17494	0
19071	0
17492	0
18874	0
18970	2
19078	0
18975	0
18408	0
18401	2
18402	0
19176	1
18994	0
19350	1
18610	2
19211	2
18998	1
18999	0
19214	0
18586	2
19283	0
18833	2
18570	2
18908	0
18278	1
18277	0
18101	0
18907	1
18906	0
18273	0
18900	1
18725	0
17633	1
17630	2
17636	1
17637	1
17634	0
17201	2
18102	1
18729	0
17206	0
18059	1
18191	1
18295	0
17805	2
17804	0
18292	0
18354	0
18355	2
18356	0
18357	2
17966	0
17964	0
17961	0
18754	1
18755	1
18756	1
18758	2
17335	2
17333	0
19320	0
17110	0
18126	0
17528	0
18129	0
17297	1
17523	1
19286	2
18601	0
17693	0
17892	1
17895	0
17063	0
17748	0
17749	1
17740	2
17741	0
17745	0
17593	0
17591	2
19139	0
19138	2
19137	0
19135	0
19131	0
19130	2
17514	1
18890	0
18549	0
18548	0
18895	2
19096	0
18573	2
19092	2
18904	1
18944	2
18946	0
18578	2
18431	0
18539	1
19009	1
19008	0
18828	2
18530	2
19002	0
18824	0
18822	0
18535	0
18537	0
19263	1
18644	0
19260	0
18315	2
19265	0
18724	2
18093	1
18092	1
18091	0
18090	0
18055	1
18767	0
17923	0
17926	0
17642	0
18720	1
18723	1
18368	1
18226	2
19313	0
18221	0
18229	2
17211	0
18167	1
18166	2
17560	1
19038	0
17568	1
17198	0
17399	0
17649	0
17648	0
18361	2
18009	1
18363	2
18362	0
18005	1
17647	2
17394	0
17397	0
19035	1
17992	0
17859	0
19066	2
17850	1
17851	1
17364	1
17367	0
17361	2
17362	1
18291	2
17245	0
17369	0
17241	0
18359	1
17026	0
17025	2
17789	0
17787	0
19254	0
17780	2
17418	1
17145	0
17142	1
17143	0
17091	1
18715	1
17098	2
17099	2
19199	2
18469	1
18466	1
19194	2
19196	0
17733	1
17732	1
17731	0
17736	1
18416	0
18713	0
19165	0
18866	0
19161	2
18868	0
18869	2
19141	1
18608	0
19349	0
18216	2
18606	1
18607	2
18212	2
18598	0
19056	0
18593	0
18692	0
18695	0
19294	0
18505	0
18507	1
18509	1
18917	0
18262	1
18265	0
18266	0
18267	1
18737	0
19205	0
17601	2
18988	1
18328	0
18284	2
18285	0
17817	0
17815	0
18321	0
18323	0
18325	2
18324	0
18288	1
18326	0
17952	1
19072	0
17328	0
19226	1
19221	2
17320	0
17323	2
17453	0
17103	0
17458	0
17459	0
17691	2
18037	0
18036	2
18031	0
18139	1
17697	1
17513	0
17512	1
16981	0
16987	2
17516	1
16984	2
17216	0
17410	2
17199	1
17213	0
17196	0
17192	0
17776	0
17775	1
17774	2
17770	0
19157	0
17171	2
17170	1
17077	0
19121	0
19122	2
17587	1
19125	2
17682	0
20917	2
20913	1
21867	2
21784	2
20918	0
21508	2
21567	0
21865	2
20569	2
21233	0
20567	0
21569	0
21766	0
21409	2
21407	1
21400	1
21401	2
20960	2
20963	1
20965	2
22269	1
20969	2
22183	2
22185	1
22186	0
22188	1
21649	2
22008	1
22164	0
21907	0
22160	2
22001	2
22000	2
20287	2
22007	1
20043	0
20368	0
20040	0
20045	2
20363	0
20360	0
20361	2
20366	2
21562	0
21101	1
21100	0
21660	0
21108	2
21662	1
21840	2
21665	2
21666	1
19971	1
20663	0
21060	0
21993	0
20215	0
20212	0
21997	2
20210	0
21998	0
21166	2
20744	2
20747	2
20740	2
20629	2
20625	1
20748	2
20621	0
21203	0
21205	1
21199	2
21190	2
21291	2
21290	2
21294	2
20828	2
21929	2
20522	2
20527	0
20951	1
21769	2
20481	1
21322	2
20487	0
22231	1
21334	2
20132	0
20130	2
20135	0
21687	0
20102	0
21723	1
21722	0
21724	2
20090	1
22262	1
22304	2
22308	0
22264	1
20555	0
22282	2
20004	0
20551	1
20002	2
22285	0
22181	0
22120	2
20417	2
20559	2
22124	1
20008	0
21538	0
21430	2
21534	0
21536	2
21703	2
21953	2
21022	0
21027	2
20600	0
21700	2
22054	0
22055	0
22050	0
20316	2
21899	0
20253	0
20250	2
20251	2
20257	2
20254	0
20255	0
19983	2
19980	0
19986	1
21799	2
21652	0
21654	0
21873	2
20879	1
20700	2
20701	1
20703	0
20704	0
20873	2
20870	0
21092	2
21158	2
21090	0
21157	2
21153	0
21151	2
21800	2
21807	0
21809	2
22257	2
20319	2
20731	2
20676	1
21894	2
21480	1
21481	2
20672	0
20678	0
21489	0
20170	1
21272	1
21378	2
20779	0
21276	0
20775	2
20774	0
21370	2
21266	0
20773	2
20763	2
20452	0
22019	0
20457	1
20458	2
20041	1
21572	1
21577	0
20511	2
20513	2
20512	1
20515	2
21479	2
21774	1
22323	2
21771	0
20681	1
21474	1
21477	0
21476	2
20991	2
22151	1
21974	2
22157	1
22156	0
20299	2
20296	0
22017	2
20195	1
21504	2
20197	1
21506	0
20191	1
20059	0
20054	2
20055	0
20056	1
20198	2
21659	2
21719	2
22084	2
22088	2
21838	2
21111	1
21116	2
21115	2
21832	2
21058	0
19969	1
19966	2
19967	2
21054	0
20221	1
20887	0
20730	0
20732	2
20735	2
21091	2
21943	0
20739	0
20632	1
20633	2
20635	0
20636	2
20888	1
21609	1
21606	0
21607	0
21605	2
21600	0
21283	2
20833	1
20831	0
21287	0
21284	0
21661	2
21361	2
20839	0
21846	2
20124	2
20834	0
20088	1
20087	2
20943	2
20085	1
21937	2
20128	2
20080	1
20648	2
20647	0
20646	0
20641	2
21739	1
21736	2
22121	0
22332	0
22116	2
20546	0
20011	0
20399	2
20398	0
20542	0
20540	0
20541	2
20393	0
20460	0
20396	1
21945	2
20549	0
21427	1
21423	2
21450	1
20495	2
20491	2
20086	2
22210	0
21592	2
20083	1
22213	1
22103	2
20264	2
22065	0
22064	0
22069	1
21779	2
21889	2
20062	1
20304	0
21881	2
21882	2
21884	2
20301	2
22204	0
21909	1
21643	2
20849	1
20848	2
20843	0
21903	2
20840	1
21905	2
21868	1
21906	0
19955	0
21082	2
19956	1
19953	2
21089	1
19958	2
21165	2
22138	2
20169	1
21344	2
21343	1
20161	2
20162	0
20164	0
20165	0
21348	2
20768	1
20769	1
21264	1
21265	1
20764	2
21261	0
20760	1
22243	2
21277	0
20931	0
20930	0
20938	2
21585	1
20501	2
21743	2
21468	1
21745	0
20692	2
20690	2
20696	2
21465	2
20590	1
20592	1
22248	1
22244	0
20982	2
22242	0
22025	1
22024	1
22021	0
22020	2
20340	1
20344	1
22149	1
20346	1
22145	0
22147	1
22140	1
22142	2
20185	0
20182	1
20183	1
20180	1
20025	2
20024	0
22091	2
22095	2
22098	0
22099	0
21829	0
20430	0
21128	0
21822	2
21823	0
21125	2
21821	0
21827	1
20334	0
21965	2
20332	2
20234	2
20235	0
21220	0
20891	2
20720	0
20714	1
20894	0
21225	0
21228	1
21512	1
21631	1
21634	2
20010	1
20013	1
20804	2
20803	0
20098	0
20016	1
20159	2
20097	2
21707	0
20795	2
20794	0
21318	1
21250	2
20790	0
21314	1
21520	2
21977	2
21856	2
21912	1
22293	2
22101	2
20387	2
22104	1
20381	2
22106	2
21548	0
22109	0
20573	2
20577	2
21526	2
20574	2
20476	2
21412	0
21417	0
21415	1
21557	2
20974	1
20973	2
20971	2
22198	2
22195	1
22193	2
21008	2
21004	2
22175	1
20274	0
21547	1
20277	0
22077	0
22070	1
22071	1
20076	2
20378	2
20371	2
20373	2
22239	2
22237	0
21852	1
21176	0
21850	2
21857	1
21171	2
21172	1
21677	0
21913	0
20493	2
21916	1
21917	2
21078	0
21075	2
21074	0
21071	1
21073	2
21984	0
20205	1
20200	2
21987	2
21986	2
20208	0
21471	2
20612	1
20613	2
21353	2
21354	0
21355	1
21346	2
21358	1
20759	2
21211	2
20750	2
21215	1
21188	0
22348	0
21184	2
20850	2
22268	2
20858	2
21728	0
22225	2
20925	2
22226	2
22220	0
20922	0
20538	0
21325	1
21324	0
21327	0
21454	1
21453	0
21320	2
21323	2
20109	0
21597	2
21329	1
21694	0
21691	1
21754	1
21755	2
21757	1
21753	2
22259	0
22312	2
20586	2
22319	2
22253	0
22255	1
21715	2
22031	0
22034	0
22036	2
22037	1
20402	0
20405	0
20404	0
22130	2
20409	2
22134	0
22137	2
22136	2
20038	2
20039	2
21356	2
20032	1
21529	0
21528	0
20035	1
21495	1
21138	2
21030	0
21237	0
21035	2
21036	2
20327	1
20322	1
20240	1
20244	1
19991	2
19992	0
19999	1
21626	1
20869	2
21621	2
20719	2
20718	0
21786	1
21969	2
20866	0
21146	2
21143	0
21142	0
21810	2
20810	2
20812	0
20814	2
20816	2
20142	2
20141	2
20144	0
22349	1
22346	2
21712	2
21498	0
21714	2
21243	0
20786	2
20788	1
21360	0
21362	0
21931	1
21367	2
22129	2
21393	1
24710	1
23990	1
23362	2
23367	1
23365	0
23364	1
23690	2
24169	0
23695	2
24164	2
23699	0
23698	1
24713	1
24712	2
24658	0
24659	0
24717	2
24652	0
24651	2
23512	2
25062	1
25063	0
25069	0
24156	0
25340	2
25346	2
23969	1
23847	0
23842	2
23963	2
23962	1
23964	1
23848	0
24838	1
24837	2
25284	2
25280	2
24831	2
24274	0
24275	1
24270	1
25118	0
25119	1
24575	2
24571	1
24376	2
24903	0
24901	1
24907	1
24904	1
24905	1
23661	0
24882	0
24881	0
23548	2
24887	1
23540	2
23545	2
23096	2
24568	2
24136	0
24289	1
24288	2
23061	0
24281	2
24282	2
23143	2
23141	1
23140	2
23326	2
23893	0
23321	1
23489	1
23485	1
23480	2
24089	1
24088	2
24124	1
23249	0
23718	1
23719	1
23717	0
24081	2
23713	0
23243	2
24755	1
22979	1
24752	1
24698	1
24692	1
22970	0
23392	1
24596	2
23314	1
23395	2
23398	0
24451	1
24452	1
24961	1
25307	1
25304	1
25302	2
24157	1
23809	2
24151	1
24150	1
23802	1
23803	2
24657	0
25018	0
24624	1
25154	2
24972	1
25158	0
24976	1
24333	0
24332	0
24231	1
25017	1
24235	0
25015	1
23937	0
23930	0
25101	0
25275	1
23058	0
23509	0
23055	2
23054	2
23053	0
24524	2
24526	1
24527	2
24488	0
24480	0
24248	2
25086	2
24241	0
25082	1
24871	0
23023	2
23024	1
23204	0
23757	1
23207	2
23209	2
23759	1
23591	1
23598	2
23612	1
23611	0
24410	0
24799	1
24798	1
24414	0
24416	0
24797	0
23299	2
23298	1
23295	1
23846	1
23474	2
24052	1
23276	1
23379	1
23273	2
24057	2
24058	0
23377	0
23370	1
23371	2
24664	2
24663	0
23689	0
24661	2
24114	2
24466	1
24463	2
24705	0
24469	0
24701	0
25052	2
25224	0
23967	0
24025	1
23872	1
24020	0
23972	2
23973	2
23970	2
23878	0
24028	0
24892	1
25223	2
24809	0
24808	1
24807	0
24805	1
24201	2
24203	2
25128	1
24204	2
24560	1
24007	1
24565	0
24368	0
24365	0
24360	2
23343	0
24938	0
23550	2
23128	2
23553	2
23127	1
23558	0
23123	1
23089	0
25228	1
23082	2
24897	1
23086	1
23087	1
23084	0
23085	2
24518	1
24510	1
23158	1
23010	0
23012	2
23015	2
24292	1
23331	0
23332	0
24090	0
23338	1
23889	1
24098	1
24099	1
23239	0
23729	1
23233	0
23234	1
25089	1
24741	0
24743	2
22968	1
22966	0
22965	0
24429	0
24428	2
24583	0
24073	1
24421	1
24619	2
24425	0
25310	1
25315	1
25317	2
23837	1
23832	0
23831	1
23886	2
25114	1
23838	2
24069	1
24144	0
24142	1
24140	1
24734	2
24630	1
24738	1
24632	2
25005	1
25006	2
25002	1
25162	1
25209	2
24322	1
24323	2
24321	2
24325	0
24328	1
24879	1
24034	2
24182	0
25260	0
25262	2
25266	0
25267	1
23511	2
23044	1
23513	0
23040	2
23041	1
24999	1
24998	0
24555	2
24991	1
24493	1
24995	0
24496	2
24391	0
24259	1
25022	1
24399	1
24964	0
24967	1
24866	1
24848	2
24844	0
24197	1
23767	1
23766	1
23762	1
24785	2
25211	2
23568	0
24782	2
23566	1
25218	0
25184	1
25186	1
25181	1
25183	2
24777	1
23161	1
23160	1
23163	1
23164	1
23169	2
23168	1
23286	1
25321	1
25122	1
23263	0
23303	2
24109	2
24675	1
22991	2
22990	2
24107	2
22998	1
24475	1
24472	0
24473	2
24772	2
24478	2
25048	1
25044	2
23416	2
23942	0
23785	1
23787	2
24035	1
23868	0
23869	0
23864	0
23788	0
24605	1
24604	1
24607	2
24603	1
25237	2
25134	2
25135	1
25136	1
25132	1
24951	2
24210	1
24214	0
25035	0
24219	2
25033	0
24359	2
24358	1
24353	1
24352	1
24351	1
24357	2
24354	1
23097	2
24927	1
23521	2
23526	2
23133	2
23646	0
23647	2
25251	1
25253	2
25257	0
23345	1
24506	0
24504	2
24502	2
23003	1
23001	0
24810	2
23007	0
23009	0
24819	0
23429	1
23734	0
23730	1
23731	1
23738	0
23739	2
23182	1
23181	2
23639	1
23184	2
23634	2
23220	1
23631	2
23630	1
23633	2
23632	2
22952	1
22957	2
22955	1
22954	1
25291	0
23459	1
23458	2
23989	0
23826	1
23451	2
23829	2
23981	0
23455	0
23457	0
23359	2
24171	2
24175	0
24174	2
24072	2
24285	0
24076	0
24726	0
24722	1
24720	1
24721	0
24641	0
24647	1
25179	2
25073	1
25075	2
25173	2
25105	0
24319	1
24317	0
24313	0
23857	1
23915	1
23917	2
23911	0
24865	2
23079	2
24827	2
24826	1
24821	0
24820	0
23075	2
24546	1
24545	1
24982	2
25104	1
24986	1
24984	2
25102	0
24263	1
24262	0
24997	2
24265	2
24910	2
24915	2
24914	2
24850	2
24855	2
23671	1
24186	2
23674	1
23676	1
23679	0
23771	2
24188	1
24127	2
23774	0
23777	0
25202	1
23576	1
23573	2
25208	1
23571	2
25196	2
23211	2
25191	0
23179	0
23499	2
23493	1
23492	0
23253	1
23252	2
23318	0
23250	2
23256	0
23254	1
24753	1
23703	1
23702	1
22982	2
24689	1
22985	2
24686	1
24768	2
24769	2
23386	2
24448	1
24767	1
24764	0
23778	2
25330	2
23950	1
23407	2
23403	1
23401	1
23958	0
23959	2
23196	0
24002	1
23794	0
23197	1
23792	1
23811	0
23812	2
23815	0
23589	2
23397	1
25140	0
25143	2
23773	2
25145	1
25147	1
25149	1
24943	1
24941	2
24345	1
24347	0
24341	1
24342	1
25029	1
24226	1
24224	1
24223	2
25023	1
23924	0
23920	1
23929	2
24598	2
25213	1
23537	1
23101	2
23539	0
23107	1
25248	1
25242	2
25240	1
25241	1
25246	1
25093	2
25090	0
25097	0
25096	2
24532	1
25099	2
24537	2
24534	1
24863	0
24590	1
23039	1
23038	2
23037	2
23034	1
23031	1
23743	1
23214	1
23747	0
23746	2
23749	1
23645	2
23585	0
23199	1
23194	0
23627	2
23624	0
23131	1
23190	0
23620	2
24405	0
24408	1
27490	1
27888	2
27496	2
26943	0
27882	2
27280	1
26471	1
27282	1
26578	1
26571	2
26572	1
28107	0
28104	0
28105	2
28103	0
28100	0
28101	1
28109	1
27885	1
26830	2
26832	2
26833	1
26492	0
27835	1
27834	1
27839	2
27374	2
25998	2
27376	0
27378	2
26488	2
27170	1
27171	1
27271	2
26482	2
26484	2
26487	1
27276	1
25995	1
26722	2
25990	1
26726	1
26680	1
26687	1
26157	2
27537	2
26155	1
28031	1
27530	2
27538	1
27305	1
27306	2
27301	1
27308	2
26252	1
26253	1
27903	0
27710	2
28064	2
26670	2
26754	0
26756	1
25974	2
26619	0
25976	1
26752	1
27653	2
25979	1
26616	2
26617	2
27657	0
27656	2
27654	2
26022	1
28085	2
26020	1
26027	1
26025	0
26024	1
26029	1
27982	2
27992	1
26535	2
27995	2
26537	1
26432	1
26435	1
27007	2
27003	0
27874	1
26977	1
27870	1
26979	2
26871	1
26997	0
26329	1
27138	2
27866	1
27136	2
27134	0
27135	1
27978	1
27979	1
26805	1
26806	0
27472	1
27470	1
26214	2
26215	1
26218	1
26192	2
27570	2
27478	2
27576	1
27574	0
27575	2
27220	1
27221	2
27312	0
27971	2
27345	0
27228	2
27229	1
26655	1
26656	2
26702	1
27477	1
27615	2
26067	1
26065	2
26892	1
26712	0
26715	2
26069	1
26108	2
26109	1
26219	2
26107	2
26102	0
27952	1
27595	1
27773	0
27958	2
27043	2
27046	2
26625	2
27682	0
26620	1
27686	1
26622	1
27688	2
27761	0
27767	2
26628	2
25949	0
27483	1
27486	2
27967	0
26368	0
26402	2
26405	2
26407	1
26569	1
26566	2
26565	1
26563	2
26561	1
28131	2
28134	0
26847	2
26846	2
27431	1
26929	2
26927	1
27826	2
27820	1
26921	2
27724	1
26319	1
26318	2
27177	1
26315	1
27386	1
27383	1
27142	2
27262	1
27263	1
26496	2
27267	2
27265	2
26696	1
26140	2
26142	1
26144	1
26995	1
27504	1
27274	0
26228	0
26382	2
26222	2
27318	1
27918	1
27919	1
27915	1
27644	1
27640	2
27641	2
27729	2
26666	1
27720	1
27086	1
25984	1
26665	2
26749	1
26137	1
26136	2
28095	2
26133	1
28098	1
26030	1
26031	2
26523	2
27113	2
27969	1
26527	1
26063	0
26528	1
27962	0
27031	0
27030	2
26138	2
26463	1
27860	2
27861	1
27862	2
26961	1
27865	1
26964	2
26969	2
26298	1
26357	1
26356	2
26290	1
26292	1
26294	2
26596	1
27100	2
26457	2
26455	2
26599	2
27219	1
26261	1
28032	2
28033	2
26262	1
27547	1
27546	1
26181	1
27541	2
27540	1
26817	1
26812	2
27468	1
27460	2
27462	1
27213	2
27212	2
27214	1
27350	0
27218	0
27356	2
27357	2
27964	1
27601	2
27605	0
27607	2
26072	1
28057	2
28050	1
26076	0
26078	1
26706	1
26704	1
26275	0
26273	1
26174	2
27920	1
27923	2
27925	1
27927	0
27928	1
27078	1
27076	1
27779	1
26637	1
27678	2
26631	1
27676	1
27671	1
26639	2
26005	1
26004	2
26001	1
26000	2
25952	2
25953	2
25951	0
27803	2
26417	1
27449	1
26551	0
26555	1
28125	1
27783	2
27784	2
27787	0
26852	1
27680	2
26854	2
27588	2
27428	1
26912	2
26910	0
27854	2
26914	2
25982	1
27255	1
27254	1
27253	1
27251	1
27396	1
27394	0
27687	2
26303	1
27763	1
27097	0
27159	0
27092	1
26401	2
27150	2
28018	1
27519	1
27452	0
26984	0
26987	1
27510	1
28016	1
26983	1
27323	2
27321	1
26239	0
27326	1
27325	2
27813	2
27658	1
27635	1
27634	2
27812	0
27636	2
27732	1
26771	2
27398	1
26775	0
26774	1
26672	1
26673	1
26779	1
26778	2
25993	1
26674	1
28069	2
26120	2
26121	2
26041	1
26040	2
26042	2
26047	2
27625	0
27025	1
27022	1
26518	1
27976	1
27185	1
26514	1
27029	2
27181	2
26510	1
27743	2
27742	2
27984	2
26959	1
26958	2
27895	1
27894	1
26955	1
28080	1
27890	1
27892	1
26343	0
26348	1
26349	1
27111	2
26469	1
27298	0
26588	1
27292	2
27291	1
26459	1
28117	2
28111	1
28088	1
28118	2
26780	1
26784	1
26788	2
26789	0
27551	1
27804	2
27555	1
27556	0
27557	2
26822	1
27809	1
27364	1
27417	0
27163	2
27162	2
27206	2
27200	2
27168	0
27202	0
27825	2
26736	1
26735	1
26733	1
28025	2
26739	2
26738	1
28021	2
27526	2
27521	2
26081	2
26083	2
26169	2
26166	1
26165	1
27932	1
27931	2
27936	2
27996	1
27529	1
27939	1
27705	2
27704	2
27706	1
27709	1
27061	1
27064	1
27066	1
25966	1
25965	1
25963	2
25961	2
27666	2
26609	2
26012	1
26013	0
26547	1
27983	2
26541	2
26428	1
26427	1
27814	0
27010	1
27013	0
27798	1
27823	1
27797	1
27794	1
27810	1
26904	2
26905	1
27591	1
27592	2
27593	1
26867	1
26864	1
26863	1
26909	2
26860	2
27848	1
27849	2
27840	2
27192	1
27244	2
26333	2
27947	1
26238	2
27129	1
27085	2
27080	1
27081	2
27121	2
27122	1
27127	1
26207	2
27444	1
26203	1
27443	1
27441	2
27561	0
27563	2
26208	1
27335	1
27336	2
27330	2
26647	2
26645	2
26644	1
27627	1
27624	1
26640	1
26886	1
27871	1
26764	2
26763	2
26113	1
26059	1
26117	1
28078	2
26118	2
28072	1
28070	2
26508	1
27050	1
27052	1
27055	1
26502	2
27194	0
27195	2
27196	2
27697	1
27694	1
27668	2
27698	1
27664	0
